1766964538727 0.004127179021549033 100
1766964751279 0.008254358043098067 200
1766964957575 0.0123815370646471 300
1766965160323 0.016508716086196133 400
1766965362163 0.02063589510774517 500
1766965564567 0.0247630741292942 600
1766965767049 0.028890253150843235 700
1766965969270 0.033017432172392266 800
1766966171439 0.0371446111939413 900
1766966373862 0.04127179021549034 1000
1766966576343 0.04539896923703937 1100
1766966778924 0.0495261482585884 1200
1766966981370 0.053653327280137435 1300
1766967183931 0.05778050630168647 1400
1766967386231 0.061907685323235505 1500
1766967588932 0.06603486434478453 1600
1766967791088 0.07016204336633357 1700
1766967993766 0.0742892223878826 1800
1766968195989 0.07841640140943164 1900
1766968398016 0.08254358043098067 2000
1766968600371 0.08667075945252971 2100
1766968802485 0.09079793847407874 2200
1766969004961 0.09492511749562776 2300
1766969207234 0.0990522965171768 2400
1766969409414 0.10317947553872583 2500
1766969611527 0.10730665456027487 2600
1766969813561 0.1114338335818239 2700
1766970016346 0.11556101260337294 2800
1766970218456 0.11968819162492197 2900
1766970420551 0.12381537064647101 3000
1766970622659 0.12794254966802004 3100
1766970824985 0.13206972868956907 3200
1766971026803 0.13619690771111811 3300
1766971228696 0.14032408673266714 3400
1766971430563 0.14445126575421618 3500
1766971632332 0.1485784447757652 3600
1766971834428 0.15270562379731423 3700
1766972036458 0.15683280281886328 3800
1766972238612 0.1609599818404123 3900
1766972440452 0.16508716086196135 4000
1766972643423 0.16921433988351037 4100
1766972845387 0.17334151890505942 4200
1766973047306 0.17746869792660844 4300
1766973249026 0.1815958769481575 4400
1766973450713 0.1857230559697065 4500
1766973652780 0.18985023499125553 4600
1766973854553 0.19397741401280458 4700
1766974056616 0.1981045930343536 4800
1766974258428 0.20223177205590265 4900
1766974460135 0.20635895107745167 5000
1766974662371 0.21048613009900072 5100
1766974864376 0.21461330912054974 5200
1766975066335 0.21874048814209876 5300
1766975268271 0.2228676671636478 5400
1766975470130 0.22699484618519683 5500
1766975672157 0.23112202520674588 5600
1766975873931 0.2352492042282949 5700
1766976075871 0.23937638324984395 5800
1766976278163 0.24350356227139297 5900
1766976479937 0.24763074129294202 6000
1766976681668 0.25175792031449107 6100
1766976883120 0.2558850993360401 6200
1766977085001 0.2600122783575891 6300
1766977286648 0.26413945737913813 6400
1766977488653 0.26826663640068715 6500
1766977690949 0.27239381542223623 6600
1766977893667 0.27652099444378525 6700
1766978095562 0.28064817346533427 6800
1766978297439 0.2847753524868833 6900
1766978499846 0.28890253150843237 7000
1766978701653 0.2930297105299814 7100
1766978903582 0.2971568895515304 7200
1766979105550 0.30128406857307943 7300
1766979307464 0.30541124759462845 7400
1766979509654 0.30953842661617753 7500
1766979711426 0.31366560563772655 7600
1766979913377 0.3177927846592756 7700
1766980115143 0.3219199636808246 7800
1766980316959 0.32604714270237367 7900
1766980518734 0.3301743217239227 8000
1766980720669 0.3343015007454717 8100
1766980922772 0.33842867976702073 8200
1766981124723 0.34255585878856976 8300
1766981326538 0.34668303781011883 8400
1766981528650 0.35081021683166785 8500
1766981730438 0.3549373958532169 8600
1766981932809 0.3590645748747659 8700
1766982134849 0.363191753896315 8800
1766982336899 0.367318932917864 8900
1766982538849 0.371446111939413 9000
1766982740876 0.37557329096096204 9100
1766982942939 0.37970046998251106 9200
1766983144912 0.38382764900406013 9300
1766983347032 0.38795482802560916 9400
1766983548887 0.3920820070471582 9500
1766983750735 0.3962091860687072 9600
1766983952548 0.4003363650902562 9700
1766984154388 0.4044635441118053 9800
1766984356627 0.4085907231333543 9900
1766984559030 0.41271790215490334 10000
1766984760862 0.41684508117645236 10100
1766984962868 0.42097226019800144 10200
1766985164783 0.42509943921955046 10300
1766985366800 0.4292266182410995 10400
1766985569008 0.4333537972626485 10500
1766985770947 0.4374809762841975 10600
1766985973097 0.4416081553057466 10700
1766986174960 0.4457353343272956 10800
1766986377254 0.44986251334884464 10900
1766986579163 0.45398969237039366 11000
1766986781032 0.45811687139194274 11100
1766986982983 0.46224405041349176 11200
1766987184782 0.4663712294350408 11300
1766987386550 0.4704984084565898 11400
1766987588467 0.4746255874781388 11500
1766987790311 0.4787527664996879 11600
1766987992215 0.4828799455212369 11700
1766988193930 0.48700712454278594 11800
1766988395641 0.49113430356433496 11900
1766988597313 0.49526148258588404 12000
1766988798988 0.49938866160743306 12100
1766989001055 0.5035158406289821 12200
1766989202996 0.5076430196505312 12300
1766989404795 0.5117701986720802 12400
1766989606531 0.5158973776936292 12500
1766989808423 0.5200245567151782 12600
1766990010353 0.5241517357367272 12700
1766990212069 0.5282789147582763 12800
1766990414050 0.5324060937798253 12900
1766990616113 0.5365332728013743 13000
1766990818164 0.5406604518229234 13100
1766991019916 0.5447876308444725 13200
1766991221533 0.5489148098660215 13300
1766991423421 0.5530419888875705 13400
1766991625059 0.5571691679091195 13500
1766991826682 0.5612963469306685 13600
1766992028358 0.5654235259522176 13700
1766992230311 0.5695507049737666 13800
1766992432171 0.5736778839953156 13900
1766992634275 0.5778050630168647 14000
1766992836380 0.5819322420384138 14100
1766993038690 0.5860594210599628 14200
1766993240738 0.5901866000815118 14300
1766993442878 0.5943137791030608 14400
1766993644759 0.5984409581246098 14500
1766993846646 0.6025681371461589 14600
1766994048289 0.6066953161677079 14700
1766994250024 0.6108224951892569 14800
1766994451882 0.614949674210806 14900
1766994653849 0.6190768532323551 15000
1766994855527 0.6232040322539041 15100
1766995057278 0.6273312112754531 15200
1766995258963 0.6314583902970021 15300
1766995460724 0.6355855693185511 15400
1766995662432 0.6397127483401002 15500
1766995865071 0.6438399273616492 15600
1766996066961 0.6479671063831982 15700
1766996269006 0.6520942854047473 15800
1766996470757 0.6562214644262964 15900
1766996672560 0.6603486434478454 16000
1766996874339 0.6644758224693944 16100
1766997076478 0.6686030014909434 16200
1766997278254 0.6727301805124924 16300
1766997480000 0.6768573595340415 16400
1766997681773 0.6809845385555905 16500
1766997883905 0.6851117175771395 16600
1766998088093 0.6892388965986886 16700
1766998290019 0.6933660756202377 16800
1766998492031 0.6974932546417867 16900
1766998694076 0.7016204336633357 17000
1766998895957 0.7057476126848847 17100
1766999097963 0.7098747917064337 17200
1766999300003 0.7140019707279828 17300
1766999501953 0.7181291497495318 17400
1766999703825 0.7222563287710808 17500
1766999905736 0.72638350779263 17600
1767000107591 0.730510686814179 17700
1767000309760 0.734637865835728 17800
1767000511585 0.738765044857277 17900
1767000713738 0.742892223878826 18000
1767000916163 0.747019402900375 18100
1767001118048 0.7511465819219241 18200
1767001320396 0.7552737609434731 18300
1767001522495 0.7594009399650221 18400
1767001724600 0.7635281189865711 18500
1767001926554 0.7676552980081203 18600
1767002128894 0.7717824770296693 18700
1767002330810 0.7759096560512183 18800
1767002548108 0.7800368350727673 18900
1767002753489 0.7841640140943164 19000
1767002962590 0.7882911931158654 19100
1767003177403 0.7924183721374144 19200
1767003385615 0.7965455511589634 19300
1767003603035 0.8006727301805124 19400
1767003817496 0.8047999092020616 19500
1767004022241 0.8089270882236106 19600
1767004223991 0.8130542672451596 19700
1767004425972 0.8171814462667086 19800
1767004644440 0.8213086252882577 19900
1767004862187 0.8254358043098067 20000
1767005065558 0.8295629833313557 20100
1767005276972 0.8336901623529047 20200
1767005485752 0.8378173413744537 20300
1767005693055 0.8419445203960029 20400
1767005903149 0.8460716994175519 20500
1767006110644 0.8501988784391009 20600
1767006324946 0.8543260574606499 20700
1767006541796 0.858453236482199 20800
1767006751671 0.862580415503748 20900
1767006963126 0.866707594525297 21000
1767007175420 0.870834773546846 21100
1767007390737 0.874961952568395 21200
1767007601337 0.8790891315899442 21300
1767007808789 0.8832163106114932 21400
1767008017092 0.8873434896330422 21500
1767008226577 0.8914706686545912 21600
1767008440064 0.8955978476761403 21700
1767008650382 0.8997250266976893 21800
1767008855661 0.9038522057192383 21900
1767009068959 0.9079793847407873 22000
1767009278913 0.9121065637623363 22100
1767009490679 0.9162337427838855 22200
1767009700912 0.9203609218054345 22300
1767009927687 0.9244881008269835 22400
1767010131065 0.9286152798485325 22500
1767010332445 0.9327424588700816 22600
1767010534378 0.9368696378916306 22700
1767010736501 0.9409968169131796 22800
1767010938268 0.9451239959347286 22900
1767011139965 0.9492511749562776 23000
1767011341890 0.9533783539778268 23100
1767011544292 0.9575055329993758 23200
1767011746324 0.9616327120209248 23300
1767011948350 0.9657598910424738 23400
1767012150457 0.9698870700640229 23500
1767012352759 0.9740142490855719 23600
1767012555058 0.9781414281071209 23700
1767012760846 0.9822686071286699 23800
1767012963168 0.986395786150219 23900
1767013166484 0.9905229651717681 24000
1767013368724 0.9946501441933171 24100
1767013575877 0.9987773232148661 24200
1767013638654 0.9999742051311153 24229
