1766955262579 0.04284949116229245 100
1766955328833 0.0856989823245849 200
1766955394419 0.12854847348687734 300
1766955459776 0.1713979646491698 400
1766955525500 0.21424745581146223 500
1766955593390 0.2570969469737547 600
1766955660064 0.29994643813604716 700
1766955726293 0.3427959292983396 800
1766955793624 0.38564542046063205 900
1766955860536 0.42849491162292447 1000
1766955932131 0.47134440278521694 1100
1766956000797 0.5141938939475094 1200
1766956066951 0.5570433851098018 1300
1766956137032 0.5998928762720943 1400
1766956209738 0.6427423674343867 1500
1766956285345 0.6855918585966791 1600
1766956358841 0.7284413497589716 1700
1766956430711 0.7712908409212641 1800
1766956501566 0.8141403320835565 1900
1766956568504 0.8569898232458489 2000
1766956644436 0.8998393144081414 2100
1766956716356 0.9426888055704339 2200
1766956785552 0.9855382967327263 2300
1766956811048 0.9996786288162828 2333
